psnr_3d: 32.822425842285156
ssim_3d: 0.9124008019765218
ssim_3d_x: 0.9122623801231384
ssim_3d_y: 0.9121469855308533
ssim_3d_z: 0.9127930402755737
