psnr_3d: 36.48832702636719
ssim_3d: 0.9555162191390991
ssim_3d_x: 0.9554080963134766
ssim_3d_y: 0.9564261436462402
ssim_3d_z: 0.9547144174575806
