psnr_3d: 37.2182502746582
ssim_3d: 0.926202138264974
ssim_3d_x: 0.9270508885383606
ssim_3d_y: 0.9270521402359009
ssim_3d_z: 0.9245033860206604
