psnr_3d: 29.543170928955078
ssim_3d: 0.6830182671546936
ssim_3d_x: 0.6813417673110962
ssim_3d_y: 0.6824909448623657
ssim_3d_z: 0.6852220892906189
