psnr_3d: 40.421669006347656
ssim_3d: 0.94173796971639
ssim_3d_x: 0.9416697025299072
ssim_3d_y: 0.9413145780563354
ssim_3d_z: 0.9422296285629272
