psnr_3d: 37.691200256347656
ssim_3d: 0.9253034194310507
ssim_3d_x: 0.92616868019104
ssim_3d_y: 0.9260553121566772
ssim_3d_z: 0.9236862659454346
