psnr_3d: 32.925575256347656
ssim_3d: 0.9175385236740112
ssim_3d_x: 0.9169772267341614
ssim_3d_y: 0.9174430966377258
ssim_3d_z: 0.9181952476501465
