psnr_3d: 37.28984451293945
ssim_3d: 0.9262259602546692
ssim_3d_x: 0.9271230101585388
ssim_3d_y: 0.9270799160003662
ssim_3d_z: 0.9244749546051025
