psnr_3d: 39.70742416381836
ssim_3d: 0.9401114384333292
ssim_3d_x: 0.9402605295181274
ssim_3d_y: 0.9398319125175476
ssim_3d_z: 0.9402418732643127
