psnr_3d: 29.421480178833008
ssim_3d: 0.67558221022288
ssim_3d_x: 0.6735697388648987
ssim_3d_y: 0.674853503704071
ssim_3d_z: 0.6783233880996704
