psnr_3d: 29.45113754272461
ssim_3d: 0.6778210600217184
ssim_3d_x: 0.6759000420570374
ssim_3d_y: 0.6772371530532837
ssim_3d_z: 0.680325984954834
