psnr_3d: 33.38056564331055
ssim_3d: 0.8197265068689982
ssim_3d_x: 0.8193749189376831
ssim_3d_y: 0.8240903615951538
ssim_3d_z: 0.8157142400741577
