psnr_3d: 37.03795623779297
ssim_3d: 0.9257915616035461
ssim_3d_x: 0.9266449809074402
ssim_3d_y: 0.9265809059143066
ssim_3d_z: 0.9241487979888916
