psnr_3d: 29.449453353881836
ssim_3d: 0.6900070508321127
ssim_3d_x: 0.6886984705924988
ssim_3d_y: 0.6896291375160217
ssim_3d_z: 0.6916935443878174
