psnr_3d: 32.93186950683594
ssim_3d: 0.8072695136070251
ssim_3d_x: 0.8064899444580078
ssim_3d_y: 0.8123650550842285
ssim_3d_z: 0.8029535412788391
