psnr_3d: 30.40555191040039
ssim_3d: 0.8420642415682474
ssim_3d_x: 0.8447718620300293
ssim_3d_y: 0.8377251029014587
ssim_3d_z: 0.8436957597732544
