psnr_3d: 31.717697143554688
ssim_3d: 0.8818050622940063
ssim_3d_x: 0.8802948594093323
ssim_3d_y: 0.8813698291778564
ssim_3d_z: 0.8837504982948303
