psnr_3d: 30.639530181884766
ssim_3d: 0.8518352707227071
ssim_3d_x: 0.8546125888824463
ssim_3d_y: 0.8473749160766602
ssim_3d_z: 0.8535183072090149
