psnr_3d: 37.555816650390625
ssim_3d: 0.9253726800282797
ssim_3d_x: 0.9261993169784546
ssim_3d_y: 0.926141083240509
ssim_3d_z: 0.9237776398658752
