psnr_3d: 40.135772705078125
ssim_3d: 0.9377432068188986
ssim_3d_x: 0.9376837015151978
ssim_3d_y: 0.9373908638954163
ssim_3d_z: 0.9381550550460815
