psnr_3d: 29.292694091796875
ssim_3d: 0.680440366268158
ssim_3d_x: 0.6789067387580872
ssim_3d_y: 0.6798272132873535
ssim_3d_z: 0.6825871467590332
