psnr_3d: 39.56032180786133
ssim_3d: 0.939663847287496
ssim_3d_x: 0.9398117661476135
ssim_3d_y: 0.9393640756607056
ssim_3d_z: 0.9398157000541687
