psnr_3d: 37.425086975097656
ssim_3d: 0.9238503774007162
ssim_3d_x: 0.9247409105300903
ssim_3d_y: 0.9247658252716064
ssim_3d_z: 0.9220443964004517
