psnr_3d: 32.90777587890625
ssim_3d: 0.9168953895568848
ssim_3d_x: 0.9164373874664307
ssim_3d_y: 0.9167577028274536
ssim_3d_z: 0.91749107837677
