psnr_3d: 31.472774505615234
ssim_3d: 0.8771926363309225
ssim_3d_x: 0.8760801553726196
ssim_3d_y: 0.8766822814941406
ssim_3d_z: 0.8788154721260071
