psnr_3d: 29.088882446289062
ssim_3d: 0.6732985178629557
ssim_3d_x: 0.671410858631134
ssim_3d_y: 0.6726791858673096
ssim_3d_z: 0.6758055090904236
