psnr_3d: 33.316619873046875
ssim_3d: 0.8176365494728088
ssim_3d_x: 0.8171485066413879
ssim_3d_y: 0.8222187161445618
ssim_3d_z: 0.8135424256324768
