psnr_3d: 40.173587799072266
ssim_3d: 0.9397316972414652
ssim_3d_x: 0.9396983981132507
ssim_3d_y: 0.9392740726470947
ssim_3d_z: 0.9402226209640503
