psnr_3d: 40.15878677368164
ssim_3d: 0.9406768679618835
ssim_3d_x: 0.9406833052635193
ssim_3d_y: 0.940339982509613
ssim_3d_z: 0.9410073161125183
