psnr_3d: 32.0088996887207
ssim_3d: 0.901348332564036
ssim_3d_x: 0.9033433198928833
ssim_3d_y: 0.9001985192298889
ssim_3d_z: 0.9005031585693359
