psnr_3d: 31.888824462890625
ssim_3d: 0.8853450020154318
ssim_3d_x: 0.8838620185852051
ssim_3d_y: 0.884917140007019
ssim_3d_z: 0.887255847454071
