psnr_3d: 36.201507568359375
ssim_3d: 0.9531700809796652
ssim_3d_x: 0.9530489444732666
ssim_3d_y: 0.9542087316513062
ssim_3d_z: 0.9522525668144226
