psnr_3d: 40.10589599609375
ssim_3d: 0.9395631551742554
ssim_3d_x: 0.9395419955253601
ssim_3d_y: 0.9392702579498291
ssim_3d_z: 0.9398772120475769
