psnr_3d: 37.31242370605469
ssim_3d: 0.9229711890220642
ssim_3d_x: 0.9239173531532288
ssim_3d_y: 0.9238182306289673
ssim_3d_z: 0.9211779832839966
