psnr_3d: 30.59872055053711
ssim_3d: 0.8481140732765198
ssim_3d_x: 0.8509013652801514
ssim_3d_y: 0.8436152338981628
ssim_3d_z: 0.8498256206512451
