psnr_3d: 40.37410354614258
ssim_3d: 0.9420123895009359
ssim_3d_x: 0.94191575050354
ssim_3d_y: 0.9416601657867432
ssim_3d_z: 0.9424612522125244
