psnr_3d: 37.393310546875
ssim_3d: 0.925469974676768
ssim_3d_x: 0.9263128042221069
ssim_3d_y: 0.9263790249824524
ssim_3d_z: 0.9237180948257446
