psnr_3d: 34.75227737426758
ssim_3d: 0.9357784986495972
ssim_3d_x: 0.9355947971343994
ssim_3d_y: 0.9373791217803955
ssim_3d_z: 0.9343615770339966
