psnr_3d: 29.55664825439453
ssim_3d: 0.6905287305514017
ssim_3d_x: 0.6890830397605896
ssim_3d_y: 0.6901952028274536
ssim_3d_z: 0.6923079490661621
