psnr_3d: 33.41995620727539
ssim_3d: 0.8202692866325378
ssim_3d_x: 0.8199173212051392
ssim_3d_y: 0.8245961666107178
ssim_3d_z: 0.8162943720817566
