psnr_3d: 28.970355987548828
ssim_3d: 0.6705597639083862
ssim_3d_x: 0.6686677932739258
ssim_3d_y: 0.6697689890861511
ssim_3d_z: 0.6732425093650818
