psnr_3d: 35.76250076293945
ssim_3d: 0.9479724168777466
ssim_3d_x: 0.9477714896202087
ssim_3d_y: 0.9493505358695984
ssim_3d_z: 0.9467952251434326
