psnr_3d: 30.701236724853516
ssim_3d: 0.8596249024073283
ssim_3d_x: 0.8591778874397278
ssim_3d_y: 0.8588319420814514
ssim_3d_z: 0.8608648777008057
