psnr_3d: 30.652353286743164
ssim_3d: 0.8513103524843851
ssim_3d_x: 0.8540536761283875
ssim_3d_y: 0.8468681573867798
ssim_3d_z: 0.8530092239379883
