psnr_3d: 37.456573486328125
ssim_3d: 0.9260632991790771
ssim_3d_x: 0.9268481135368347
ssim_3d_y: 0.9268878698348999
ssim_3d_z: 0.9244539141654968
